              precision    recall  f1-score   support

           0       0.00      0.00      0.00      1709
           1       0.34      1.00      0.51      2603
           2       0.00      0.00      0.00      1714
           3       0.00      0.00      0.00       457
           4       0.00      0.00      0.00       710
           5       0.00      0.00      0.00        76
           6       0.00      0.00      0.00        76
           7       0.00      0.00      0.00       254

    accuracy                           0.34      7599
   macro avg       0.04      0.12      0.06      7599
weighted avg       0.12      0.34      0.17      7599
