              precision    recall  f1-score   support

           0       0.27      0.13      0.17      1709
           1       0.35      0.92      0.51      2603
           2       0.00      0.00      0.00      1714
           3       0.00      0.00      0.00       457
           4       0.00      0.00      0.00       710
           5       0.00      0.00      0.00        76
           6       0.00      0.00      0.00        76
           7       0.00      0.00      0.00       254

    accuracy                           0.34      7599
   macro avg       0.08      0.13      0.09      7599
weighted avg       0.18      0.34      0.21      7599
