              precision    recall  f1-score   support

           0       0.45      0.16      0.23      1709
           1       0.39      0.93      0.55      2603
           2       0.62      0.04      0.08      1714
           3       0.00      0.00      0.00       457
           4       0.21      0.01      0.02       710
           5       0.01      0.01      0.01        76
           6       0.27      0.21      0.24        76
           7       0.12      0.22      0.15       254

    accuracy                           0.37      7599
   macro avg       0.26      0.20      0.16      7599
weighted avg       0.40      0.37      0.27      7599
