              precision    recall  f1-score   support

           0       0.39      0.40      0.40      1709
           1       0.62      0.14      0.22      2603
           2       0.40      0.07      0.12      1714
           3       0.12      0.80      0.20       457
           4       0.15      0.33      0.20       710
           5       0.00      0.00      0.00        76
           6       1.00      0.03      0.05        76
           7       0.14      0.09      0.11       254

    accuracy                           0.24      7599
   macro avg       0.35      0.23      0.16      7599
weighted avg       0.42      0.24      0.23      7599
